100

8 2

(-140, -48)
(-65, -55)
(35, -42)
(162, 158)
(115, -77)
(127, 57)
(-57, -140)
(189, 168)

(-114, 138)
(166, 53)
(142, -96)
(66, 71)
(182, 103)
(74, 32)
(87, -42)
(31, 132)
(-117, 119)
(8, 62)
(-118, -51)
(-50, -157)
(188, 46)
(-96, -161)
(138, -196)
(108, -73)

8 4

(-46, 33)
(43, 191)
(-109, -151)
(-199, -28)
(-83, 93)
(-8, -68)
(-123, 160)
(-27, -118)

(-165, -22)
(-35, -126)
(-134, 182)
(27, 3)
(-80, -195)
(-109, 123)
(171, -85)
(38, -147)
(142, -26)
(157, 69)
(184, -78)
(-100, 143)
(168, -173)
(172, 124)
(-66, 10)
(-18, -191)
(-27, 163)
(5, 173)
(137, -146)
(8, -139)
(153, 72)
(27, -179)
(8, -62)
(26, 92)
(-38, -41)
(-88, 26)
(-54, 31)
(72, 45)
(47, -84)
(-102, 132)
(-190, -199)
(-149, 120)

6 4

(12, 45)
(82, -194)
(104, -186)
(-183, -66)
(177, 150)
(-105, 168)

(-190, -109)
(128, 15)
(147, 191)
(-114, 95)
(-52, -157)
(-79, 116)
(14, 63)
(95, -77)
(162, -173)
(-144, 142)
(112, -170)
(-125, 137)
(-118, -16)
(12, -172)
(-12, 26)
(45, 175)
(-184, -25)
(-117, 179)
(-58, -82)
(92, 106)
(129, 90)
(72, -182)
(13, 98)
(-190, -46)

3 2

(158, 69)
(15, -148)
(138, 166)

(-41, -182)
(183, -98)
(26, -104)
(-97, -58)
(53, -126)
(-106, 1)

15 2

(73, -189)
(-27, -84)
(127, 193)
(92, 173)
(-183, -107)
(191, 91)
(87, 73)
(-49, -131)
(146, -89)
(-63, -16)
(-190, -134)
(-106, -87)
(23, -73)
(-68, -173)
(-55, 29)

(-10, 141)
(84, 135)
(91, -199)
(197, -42)
(138, 41)
(-187, 97)
(-57, 4)
(-48, 86)
(2, -30)
(179, 58)
(-42, 147)
(69, 108)
(-133, 175)
(-110, 191)
(-58, -101)
(-80, 41)
(112, 194)
(53, 158)
(85, -85)
(-51, 112)
(-58, -102)
(151, -73)
(-173, 10)
(-104, 144)
(-143, -13)
(-181, 95)
(33, 27)
(-55, -3)
(-7, -91)
(110, -90)

2 2

(86, -108)
(-150, 60)

(36, -107)
(-140, -146)
(36, -159)
(-8, 155)

4 3

(-158, 38)
(-30, 99)
(-66, -2)
(-42, 134)

(-14, -186)
(174, -168)
(-111, -91)
(135, -96)
(76, 47)
(-151, -42)
(-86, -169)
(170, -148)
(67, -195)
(-91, -158)
(187, -48)
(-135, -17)

13 7

(64, 63)
(49, 100)
(-100, -199)
(159, 182)
(-158, 145)
(-101, 120)
(47, 146)
(10, -103)
(-28, -163)
(-18, 35)
(22, -77)
(-29, 182)
(164, -197)

(-112, -84)
(-190, 125)
(133, 41)
(-60, -93)
(-167, -11)
(-194, 196)
(-30, -193)
(-110, 34)
(-141, 25)
(-89, 67)
(-36, -175)
(-7, -131)
(-26, 14)
(147, 121)
(-175, 55)
(-141, -144)
(158, 180)
(159, 23)
(176, 25)
(-157, 13)
(-13, 59)
(-153, 180)
(15, -158)
(-30, -78)
(-52, -111)
(-183, -135)
(173, -45)
(-42, 158)
(-148, 138)
(133, 120)
(135, 46)
(171, 154)
(88, -138)
(-173, -118)
(72, 62)
(-12, -166)
(100, 198)
(123, -154)
(-76, -183)
(-10, 12)
(139, 39)
(-107, -61)
(-91, 136)
(-83, 18)
(23, -131)
(-7, -21)
(21, -15)
(-43, 84)
(-67, 94)
(200, -185)
(198, 75)
(31, -40)
(-169, -141)
(-70, -100)
(-131, 43)
(-12, 136)
(-46, -59)
(131, 70)
(-131, -154)
(-42, 51)
(187, -151)
(-19, 18)
(85, -99)
(-37, 166)
(-190, -190)
(-18, -154)
(45, 65)
(-29, -163)
(59, 43)
(-19, 67)
(93, -173)
(-83, -173)
(144, -66)
(-141, -165)
(6, 58)
(130, 77)
(-192, -17)
(-171, 126)
(118, -26)
(-76, 91)
(-105, -20)
(-183, 47)
(153, 130)
(-195, -80)
(8, 147)
(-100, -3)
(72, -47)
(-127, 53)
(-64, 84)
(188, 30)
(-122, -97)

2 6

(151, -72)
(-145, 124)

(-151, 34)
(51, 169)
(38, 75)
(-32, 35)
(155, -143)
(131, 45)
(-178, -90)
(134, 15)
(-15, -34)
(-32, -120)
(-161, 28)
(63, 108)

6 5

(-121, 184)
(17, 12)
(141, 66)
(-164, -189)
(-170, 19)
(112, 50)

(95, -52)
(43, 147)
(16, 103)
(110, -69)
(1, 104)
(47, 144)
(-149, 36)
(83, 95)
(-2, 31)
(-100, -101)
(189, 86)
(-168, -179)
(-104, -38)
(-200, 160)
(-177, -170)
(-150, 116)
(-79, -172)
(-74, 191)
(-36, 160)
(82, -143)
(-50, -167)
(-10, -147)
(169, -191)
(-25, 192)
(-149, 105)
(168, -80)
(94, -179)
(-117, -176)
(197, 87)
(113, 189)

8 5

(92, -87)
(-39, 39)
(150, -90)
(-76, -158)
(-199, -151)
(168, 39)
(-168, 145)
(-47, 9)

(58, 188)
(25, -8)
(191, -169)
(-163, 191)
(-133, 58)
(180, -121)
(45, -186)
(110, 60)
(-49, 188)
(-109, -10)
(-57, -188)
(199, 107)
(154, -7)
(-183, -99)
(-169, -86)
(-36, -2)
(-65, -20)
(40, 31)
(-82, -181)
(167, -62)
(-45, 40)
(155, -119)
(-170, 156)
(163, 116)
(-41, -68)
(-4, 173)
(186, -31)
(141, -21)
(-193, 43)
(158, -34)
(183, -6)
(130, -135)
(-7, 101)
(-104, -91)
(44, 144)
(-13, 93)
(-133, 177)
(102, 134)
(148, 33)
(57, 147)

10 4

(-101, -105)
(-151, 23)
(-81, 161)
(186, -37)
(-4, -55)
(-50, 131)
(-3, 64)
(-198, 189)
(-50, -165)
(114, -164)

(171, 104)
(116, -194)
(158, -35)
(-186, 2)
(-160, -65)
(-196, 51)
(56, -155)
(194, 85)
(19, -129)
(187, -11)
(17, 33)
(134, 10)
(-79, 120)
(-35, -78)
(-159, 112)
(57, -195)
(-103, -190)
(38, 99)
(-83, -141)
(53, -6)
(-20, 69)
(181, -134)
(166, -83)
(26, 133)
(-41, 71)
(173, -83)
(200, 81)
(81, 25)
(-81, -61)
(-96, -55)
(183, -63)
(-146, -43)
(192, 149)
(157, 196)
(-20, -40)
(199, -163)
(159, 162)
(99, -99)
(-25, 157)
(159, 110)

12 4

(-125, 146)
(-30, 53)
(151, -166)
(169, 142)
(-112, -105)
(-70, -118)
(-158, -138)
(114, 46)
(199, -22)
(-143, 171)
(-68, -137)
(177, -72)

(118, 198)
(-7, -85)
(166, -135)
(44, 41)
(155, 173)
(-173, 42)
(-75, -149)
(40, -138)
(-81, -47)
(75, 190)
(195, 110)
(197, 122)
(164, -158)
(91, -121)
(-108, 15)
(-175, -160)
(-20, -154)
(-93, -188)
(-183, 43)
(53, 190)
(142, 118)
(79, -147)
(-122, 86)
(-108, 167)
(-131, -8)
(69, 159)
(196, 173)
(-71, -91)
(7, 173)
(-46, -171)
(-178, -80)
(-159, -107)
(116, 7)
(-85, -148)
(117, -86)
(-12, 199)
(-8, -78)
(79, 176)
(-120, -9)
(-74, -161)
(153, -156)
(61, -99)
(132, 24)
(-95, -53)
(-64, -30)
(-169, 106)
(-111, 149)
(-129, -61)

11 2

(2, -186)
(40, -42)
(12, 187)
(38, -159)
(-93, -66)
(-21, -61)
(-179, -105)
(189, 163)
(197, -145)
(46, 109)
(-180, -193)

(109, 15)
(158, 144)
(-127, 99)
(185, -170)
(-6, -170)
(-102, 188)
(-157, 50)
(171, -155)
(35, 24)
(176, 106)
(104, -172)
(4, 185)
(106, -55)
(96, 167)
(-1, -7)
(75, -10)
(162, -81)
(194, -148)
(109, 33)
(-64, -82)
(-21, 6)
(188, 180)

6 4

(1, -7)
(13, -25)
(-73, -83)
(132, 23)
(-152, -200)
(32, -49)

(-23, -168)
(-136, 105)
(-91, -138)
(-127, -19)
(-81, -80)
(81, 43)
(165, -41)
(-52, 56)
(-183, 73)
(164, -144)
(139, -134)
(184, 140)
(78, 142)
(131, -2)
(-39, 193)
(-187, 19)
(115, -150)
(-120, -192)
(178, -11)
(125, -30)
(-68, 53)
(189, -129)
(-38, -146)
(21, -118)

11 3

(-91, -121)
(-31, -3)
(-125, 139)
(-136, -115)
(-165, -199)
(41, 50)
(10, 94)
(-15, 193)
(-46, -138)
(122, 186)
(-131, -187)

(-129, -122)
(-8, -187)
(153, 113)
(-167, 84)
(100, 18)
(9, 176)
(14, -196)
(137, -46)
(194, -103)
(-55, 52)
(-91, 197)
(135, -137)
(152, 124)
(-168, 63)
(-3, 55)
(3, -23)
(-14, 103)
(57, -94)
(-29, -66)
(-48, 11)
(-33, 189)
(-97, 22)
(173, -73)
(-63, 30)
(172, 5)
(8, -191)
(147, -99)
(-20, -102)
(175, 98)
(69, -54)
(-100, 180)
(156, 110)
(72, -149)

9 4

(-195, 121)
(-8, -120)
(42, 83)
(189, -21)
(55, -126)
(62, 196)
(4, 152)
(72, -34)
(-196, -34)

(100, 75)
(189, -6)
(-36, 15)
(196, -90)
(184, 97)
(-126, -177)
(-93, 45)
(86, -84)
(-71, 184)
(-138, -188)
(65, -30)
(107, -163)
(-145, 190)
(144, 114)
(-73, 43)
(103, -199)
(-97, -170)
(-124, 99)
(199, -41)
(54, 87)
(-42, 179)
(62, -175)
(-34, -121)
(-72, -169)
(178, -106)
(161, -93)
(57, -34)
(-91, -121)
(-138, 58)
(187, -92)
(60, 8)
(-74, -55)
(-77, 58)
(173, -118)
(-121, 120)
(116, -153)

13 2

(-81, 126)
(-40, -85)
(73, -188)
(-91, -145)
(179, -99)
(-175, -2)
(131, -75)
(-116, 53)
(168, -12)
(19, -55)
(-182, -67)
(-103, 80)
(39, -93)

(106, 157)
(57, -141)
(-141, 93)
(30, 161)
(11, 164)
(-67, -88)
(-175, -199)
(-192, -151)
(187, 40)
(38, -7)
(-64, 144)
(157, 121)
(36, 153)
(121, 199)
(64, -134)
(-196, -182)
(162, -188)
(-58, -189)
(-165, 199)
(-135, 169)
(127, 39)
(-7, 166)
(151, -47)
(143, -157)
(-16, 179)
(102, 39)

13 4

(-159, -152)
(140, 17)
(96, -21)
(-138, -14)
(162, -24)
(-39, 37)
(-168, -50)
(77, 24)
(120, 200)
(-118, 110)
(-110, 80)
(-55, 196)
(-162, 142)

(111, 170)
(21, 84)
(65, 78)
(-104, 182)
(-90, 54)
(64, -62)
(54, -151)
(78, -91)
(-163, 152)
(157, 89)
(-183, 14)
(-192, -171)
(-2, -47)
(-41, 67)
(129, -43)
(85, -143)
(-10, -125)
(143, -156)
(-59, -154)
(187, -39)
(49, -179)
(-173, 177)
(-191, -124)
(197, 68)
(119, -90)
(-187, -4)
(-118, -94)
(67, 93)
(20, -99)
(-135, 88)
(187, 110)
(89, 24)
(32, 167)
(67, -39)
(-16, -124)
(-153, 36)
(21, -176)
(-143, 28)
(-34, -94)
(83, -49)
(-36, -78)
(-100, -83)
(10, 153)
(8, 200)
(111, 142)
(-18, 51)
(165, -13)
(93, 74)
(28, -175)
(-69, 162)
(110, 36)
(-17, 180)

15 2

(-197, 20)
(-55, -89)
(101, 25)
(-136, 8)
(126, -142)
(27, -173)
(-108, 197)
(-66, 186)
(160, -6)
(-155, 158)
(-75, 111)
(-26, -90)
(-14, 146)
(-64, -9)
(-19, 81)

(66, -94)
(66, 126)
(14, 148)
(-112, -150)
(180, -193)
(141, 192)
(132, 101)
(-61, 160)
(138, 92)
(-113, 170)
(-115, -174)
(-26, -160)
(194, -177)
(89, -112)
(-165, -172)
(-56, -88)
(-93, -153)
(-49, 169)
(93, 77)
(159, 138)
(-107, 72)
(-101, 65)
(-173, -128)
(-5, 141)
(-155, -38)
(-150, -89)
(189, -104)
(90, 184)
(-78, 148)
(-84, 2)

11 2

(1, 95)
(29, 195)
(-107, 188)
(-150, 129)
(-21, -14)
(125, 58)
(79, 154)
(-34, 177)
(57, -61)
(-131, 150)
(36, -185)

(29, -3)
(165, -114)
(-140, 24)
(-20, 124)
(-151, 148)
(51, -158)
(-173, 22)
(-2, -64)
(-63, 144)
(-126, 191)
(159, -47)
(17, 106)
(-1, 164)
(-130, 162)
(-10, 120)
(39, 9)
(54, 49)
(-102, -11)
(90, 36)
(124, -121)
(-34, 30)
(-69, 27)

2 3

(-123, 32)
(183, 168)

(156, 155)
(150, -196)
(-151, 159)
(-90, 22)
(-32, 98)
(141, 153)

5 3

(-187, 89)
(81, 111)
(-99, 43)
(7, 145)
(93, -84)

(152, -157)
(-102, 31)
(-13, -62)
(126, -173)
(12, 190)
(-89, 86)
(-132, 114)
(-4, -120)
(47, 103)
(26, 72)
(-4, 29)
(121, -147)
(9, 139)
(128, 168)
(141, 168)

11 2

(80, -3)
(57, 8)
(125, -191)
(-49, 144)
(26, 114)
(-197, -127)
(93, -5)
(-50, -115)
(-127, -142)
(40, 129)
(-60, -44)

(80, 73)
(-74, 106)
(90, -129)
(-195, 179)
(79, -191)
(-147, -34)
(102, -56)
(-116, -80)
(12, -6)
(185, 188)
(-7, 160)
(45, 172)
(-14, 190)
(30, 102)
(184, -150)
(-105, 110)
(61, 124)
(-119, 89)
(-16, -185)
(-6, 57)
(188, -35)
(-33, 87)

15 7

(84, -12)
(96, 96)
(81, 132)
(-150, -55)
(-186, 16)
(102, 36)
(-172, 133)
(131, -85)
(94, -195)
(-9, 105)
(-102, -76)
(27, 46)
(-176, 51)
(181, 191)
(114, -34)

(88, -162)
(-190, -2)
(-189, -24)
(149, -80)
(-128, -130)
(85, -57)
(-156, -49)
(-67, -106)
(-47, -180)
(-52, -109)
(56, 174)
(60, -161)
(75, 93)
(195, -120)
(78, -148)
(-96, 99)
(-21, 15)
(107, -163)
(163, 83)
(-6, -124)
(-30, 114)
(123, -63)
(197, 153)
(119, -85)
(-104, 37)
(-178, -164)
(-155, -32)
(-95, -33)
(-183, -158)
(113, -95)
(139, -59)
(-109, 17)
(-101, -139)
(-8, -107)
(-54, 128)
(133, -62)
(179, 167)
(-165, 127)
(109, -98)
(40, -97)
(-91, 178)
(127, -133)
(-53, -143)
(5, 164)
(-137, 36)
(131, -94)
(-59, 148)
(164, 167)
(84, 157)
(-47, -165)
(-65, 64)
(5, 89)
(10, 62)
(34, -98)
(-155, 151)
(107, -189)
(-75, 63)
(24, 45)
(52, -84)
(80, -8)
(121, 67)
(20, -110)
(-26, -194)
(-68, 176)
(167, 21)
(-79, 52)
(-144, -50)
(19, 75)
(85, -74)
(-51, -38)
(159, -6)
(-98, -25)
(148, -120)
(175, -171)
(-162, -40)
(65, 119)
(93, -64)
(-153, 137)
(166, -1)
(17, 114)
(158, 116)
(-170, 100)
(196, -176)
(198, 138)
(68, 159)
(36, -64)
(72, -147)
(-16, 134)
(69, 98)
(-192, 23)
(42, 34)
(181, -151)
(-2, -170)
(133, 137)
(-20, 66)
(-69, -90)
(-41, -31)
(107, -59)
(-85, 56)
(-149, -55)
(-13, -15)
(0, -41)
(191, -73)
(-75, -77)
(-21, -78)

3 3

(188, 9)
(7, 1)
(-51, -41)

(-149, 19)
(-99, 71)
(82, 72)
(34, 84)
(-185, -42)
(-67, -118)
(-121, -91)
(-34, -142)
(165, 123)

3 5

(181, 105)
(-131, -5)
(89, 131)

(163, -154)
(-86, 154)
(125, 170)
(-151, 88)
(153, 174)
(191, 174)
(176, -3)
(-53, -94)
(-64, -47)
(-152, -73)
(97, -163)
(-134, 25)
(-190, -64)
(-47, -42)
(34, 59)

6 3

(-138, 102)
(96, 72)
(62, 113)
(-27, 28)
(-178, -60)
(88, 75)

(-149, 108)
(-146, 38)
(-186, 158)
(-99, -69)
(-155, 198)
(-56, 3)
(19, -33)
(-145, -104)
(-43, 90)
(184, -47)
(84, -125)
(-10, -180)
(77, -55)
(-173, 192)
(144, -110)
(-96, 40)
(-115, -121)
(-116, 187)

4 4

(15, 86)
(-197, 133)
(-37, -31)
(177, 71)

(-52, 142)
(-122, -45)
(54, 118)
(31, -62)
(-183, -48)
(144, 64)
(70, 159)
(-9, 146)
(175, 40)
(72, 140)
(19, -1)
(147, 23)
(-102, 178)
(-138, 88)
(-17, -140)
(181, -133)

11 6

(60, -56)
(-94, 55)
(-113, 183)
(-4, -20)
(-34, -170)
(-23, 40)
(200, -159)
(-116, 11)
(117, 37)
(22, 164)
(156, 28)

(78, -129)
(-120, -142)
(34, -58)
(57, 10)
(48, 187)
(-14, -4)
(192, -136)
(170, -44)
(70, -25)
(48, -80)
(-14, -33)
(-5, -73)
(110, -161)
(44, 156)
(-81, 61)
(143, -85)
(179, 177)
(-72, 46)
(37, -136)
(59, -128)
(37, 44)
(145, 190)
(-19, 61)
(-54, -76)
(-48, -85)
(-63, 31)
(-184, -59)
(36, -10)
(55, -61)
(-143, 90)
(17, 178)
(-29, -16)
(-47, -119)
(121, 12)
(-90, -96)
(185, -172)
(189, -112)
(-182, -33)
(-34, 176)
(-41, 155)
(-128, 193)
(-69, 95)
(-134, 142)
(74, -19)
(-191, 145)
(-108, 132)
(3, 14)
(-96, 194)
(-36, 58)
(195, -179)
(68, -31)
(-165, 21)
(-67, -182)
(33, 75)
(-182, 193)
(-142, 18)
(120, -176)
(-67, 125)
(-63, -135)
(35, 154)
(37, -66)
(30, -41)
(-156, 73)
(-98, 148)
(157, -52)
(165, 57)

5 6

(88, 135)
(-119, -24)
(151, 32)
(-154, 62)
(148, -15)

(40, 71)
(148, 90)
(-172, -187)
(-166, 172)
(25, 43)
(-190, -14)
(-9, -32)
(119, -40)
(127, -128)
(-47, 84)
(-125, -109)
(94, -145)
(-171, -63)
(4, 4)
(-101, 138)
(114, 47)
(-21, 45)
(-34, -146)
(47, -156)
(-104, -109)
(66, -146)
(-148, -10)
(-70, 122)
(7, 176)
(103, -135)
(-129, 29)
(141, -155)
(-164, 140)
(39, 52)
(-34, -119)

9 4

(42, 135)
(-136, 123)
(85, 151)
(-142, -126)
(-21, -32)
(-35, -47)
(-3, 145)
(-54, 94)
(99, 100)

(161, -81)
(188, -39)
(106, 58)
(120, 66)
(170, 67)
(136, -55)
(183, 60)
(-89, -133)
(-181, -109)
(161, -160)
(157, -80)
(-73, -34)
(-125, 44)
(-186, -141)
(-99, 121)
(-197, 81)
(99, -82)
(125, -179)
(-175, 92)
(173, -60)
(-145, 197)
(55, 129)
(169, 128)
(104, 115)
(-132, 22)
(162, 68)
(84, -118)
(-40, -55)
(146, -40)
(-124, 165)
(71, -15)
(70, -74)
(48, -42)
(149, -172)
(185, -49)
(17, 75)

11 3

(-114, 132)
(-174, -13)
(-118, -162)
(72, 3)
(-64, 0)
(-143, 69)
(169, -64)
(44, 26)
(37, 71)
(-161, 151)
(98, -9)

(144, -153)
(165, -15)
(-166, -21)
(89, 147)
(-140, -10)
(-58, -88)
(192, 66)
(-44, -186)
(-93, 4)
(39, -93)
(110, 7)
(142, -50)
(-137, 18)
(47, -1)
(-192, 129)
(-128, -111)
(-165, -1)
(148, -68)
(33, -122)
(-6, -80)
(149, -193)
(-110, -167)
(144, -38)
(-52, -166)
(-133, 95)
(143, 171)
(-85, 17)
(96, -193)
(91, -147)
(43, 66)
(51, -160)
(9, 13)
(-89, -132)

11 7

(28, 157)
(182, -75)
(59, -198)
(153, 199)
(186, 81)
(-171, 28)
(103, 90)
(-60, 21)
(169, 139)
(-27, 76)
(-149, -99)

(-152, -120)
(-100, -186)
(117, -179)
(53, 152)
(122, -192)
(180, 57)
(-40, 67)
(-81, 190)
(177, 52)
(116, 153)
(104, -92)
(152, -1)
(-95, 122)
(92, -154)
(63, 102)
(59, -12)
(-84, -119)
(62, -56)
(108, -24)
(-135, -126)
(185, 173)
(36, 130)
(-159, -179)
(89, -46)
(63, -174)
(152, 77)
(-144, -136)
(40, 94)
(-115, -194)
(8, 25)
(112, -94)
(7, -38)
(-163, 58)
(-186, 67)
(-197, -57)
(-31, -171)
(1, 38)
(41, -99)
(195, 118)
(168, -38)
(30, 122)
(-185, -196)
(-151, 87)
(114, 112)
(-150, 56)
(109, 90)
(-118, -170)
(-127, 182)
(-188, -48)
(-161, -41)
(-108, -68)
(41, 156)
(160, -175)
(69, 135)
(13, 178)
(-181, 128)
(-37, -148)
(51, 25)
(143, 118)
(71, 53)
(-45, 143)
(-1, -185)
(133, 5)
(-146, 193)
(50, -45)
(133, -29)
(178, -111)
(115, -117)
(-171, 58)
(-123, 13)
(56, 6)
(-61, -79)
(-76, -189)
(-52, 174)
(138, 180)
(152, 107)
(77, 168)

2 6

(-111, 144)
(-136, 101)

(-94, 34)
(-1, -103)
(-40, 75)
(100, -189)
(-138, -124)
(83, 1)
(55, 81)
(-120, 188)
(144, -73)
(-186, -172)
(10, 165)
(187, -161)

15 7

(26, -58)
(101, -61)
(69, -36)
(170, -80)
(30, 163)
(41, 136)
(142, -156)
(-162, -68)
(-86, -136)
(194, 146)
(-137, 107)
(125, 124)
(22, 77)
(89, -47)
(151, -88)

(-7, 108)
(-182, -34)
(180, 79)
(-128, 146)
(104, -116)
(-154, -168)
(17, -92)
(170, 140)
(-71, 111)
(136, -187)
(-147, -38)
(41, -53)
(44, -176)
(-6, -60)
(-90, -86)
(-138, -13)
(90, -196)
(-88, -191)
(-94, 49)
(-24, -22)
(-111, 142)
(-7, 43)
(171, 35)
(-63, -78)
(7, 40)
(-31, 98)
(-35, -130)
(128, 173)
(153, 197)
(-177, -39)
(23, 81)
(20, -122)
(-172, -2)
(14, 85)
(-143, -137)
(24, -140)
(-187, -175)
(143, -151)
(200, -118)
(-18, -167)
(167, -21)
(182, 148)
(180, 176)
(129, -59)
(-124, 148)
(164, 76)
(52, -4)
(-185, -105)
(-108, -14)
(59, -20)
(-112, 97)
(-110, 108)
(14, -123)
(-51, -3)
(79, 73)
(40, -158)
(-87, 57)
(91, -53)
(-86, -145)
(144, 54)
(23, -104)
(88, 11)
(4, -87)
(161, 173)
(40, -173)
(-33, 196)
(-66, -143)
(-53, 152)
(112, -96)
(-77, 162)
(119, 3)
(77, -74)
(-7, -174)
(-58, 160)
(-182, 195)
(-185, 145)
(-188, 70)
(-86, -122)
(-105, -183)
(-185, -29)
(-5, -121)
(-21, 191)
(82, -57)
(147, 127)
(-124, 114)
(152, 193)
(-119, -142)
(-113, 32)
(19, -175)
(-119, 78)
(103, 74)
(-7, -93)
(-77, 44)
(183, 43)
(14, 149)
(112, 67)
(147, 199)
(-135, 73)
(19, 148)
(157, 161)
(151, -121)
(39, 64)
(23, -33)
(144, -192)
(-91, 10)

5 4

(-62, -167)
(122, -157)
(13, 31)
(81, 31)
(-171, -196)

(26, -123)
(189, 180)
(177, 191)
(-64, 75)
(-197, 66)
(158, 188)
(138, -1)
(135, 190)
(151, 106)
(11, 156)
(23, 148)
(132, 26)
(182, -177)
(190, 185)
(-152, 66)
(-117, -84)
(168, -8)
(-7, 183)
(-5, -65)
(-177, -191)

14 3

(139, -98)
(93, 177)
(197, -163)
(-199, -13)
(84, 145)
(-14, 1)
(-105, 24)
(99, -58)
(-46, 13)
(165, -24)
(12, 136)
(77, -67)
(-54, 145)
(11, -50)

(-150, 107)
(105, 162)
(110, 158)
(69, 151)
(49, -11)
(-50, 184)
(-114, -126)
(-83, -76)
(-95, 19)
(60, 42)
(113, -164)
(141, 5)
(125, 115)
(-159, 52)
(55, -89)
(69, -121)
(-26, 78)
(7, 66)
(184, 52)
(122, 51)
(-10, -144)
(5, 121)
(-85, 33)
(-6, -92)
(-35, -48)
(-141, 1)
(-140, 159)
(190, -126)
(-58, -161)
(101, 138)
(22, -36)
(64, 125)
(-190, -22)
(22, 191)
(-186, -14)
(9, 187)
(-180, -54)
(-10, 58)
(189, -92)
(-59, 72)
(-111, 127)
(136, -172)

13 5

(-5, -154)
(-5, -36)
(-73, -45)
(105, 109)
(-31, -52)
(-13, 33)
(168, 91)
(-39, 102)
(-135, -64)
(134, 57)
(-79, 123)
(72, -166)
(5, 88)

(-79, 45)
(-145, 98)
(-145, -89)
(-131, 91)
(-111, 126)
(175, -72)
(-90, 66)
(126, 56)
(165, 90)
(-65, -1)
(187, -100)
(74, 168)
(-54, -144)
(89, -185)
(-200, 0)
(142, -100)
(-24, 139)
(-188, 33)
(137, 59)
(14, 19)
(-106, 161)
(162, 139)
(-8, 55)
(-153, 90)
(-58, -172)
(133, -41)
(-150, -187)
(119, 29)
(-175, -80)
(159, 3)
(-161, -174)
(174, 74)
(-98, -174)
(69, 51)
(-185, -158)
(130, 133)
(-192, -83)
(19, 173)
(-87, 61)
(65, 15)
(103, 26)
(-18, 6)
(25, 165)
(179, 141)
(74, 76)
(-36, 19)
(-84, 35)
(-103, -130)
(32, -180)
(50, 160)
(-57, 171)
(139, -143)
(-174, 74)
(26, 185)
(-4, -53)
(-152, -99)
(4, 10)
(-197, -18)
(199, -22)
(-81, 59)
(-3, -194)
(-93, -135)
(3, -86)
(-147, 168)
(-169, -86)

15 4

(99, 55)
(-22, 91)
(96, 18)
(183, 39)
(48, -172)
(21, -38)
(-88, 2)
(179, -176)
(-197, 176)
(117, -72)
(-176, -29)
(-104, -183)
(-85, 144)
(127, 153)
(-57, 172)

(153, 73)
(65, 110)
(112, 190)
(184, -27)
(-25, 21)
(136, 60)
(165, 51)
(-33, -77)
(158, -41)
(43, -132)
(63, -76)
(-130, -148)
(100, -41)
(-9, -27)
(-113, -35)
(-115, 170)
(9, 67)
(-23, -17)
(143, 119)
(100, -164)
(-159, -150)
(181, -129)
(114, -17)
(38, 189)
(66, 154)
(188, -15)
(82, 104)
(83, -170)
(-123, -199)
(-45, 33)
(70, 44)
(84, 32)
(-10, 80)
(-68, 87)
(107, 137)
(125, 193)
(2, -134)
(163, -53)
(-4, 187)
(157, 128)
(-14, -47)
(-58, -48)
(-152, 97)
(-177, -128)
(-118, 161)
(-180, -20)
(138, -46)
(-160, -131)
(-197, -154)
(141, -182)
(-163, -152)
(94, -55)
(67, -75)
(135, -50)
(-147, -110)
(152, -65)
(-192, 37)
(65, 84)
(-134, -156)
(-101, 162)

11 3

(-143, 33)
(-144, 195)
(81, 75)
(200, -93)
(-155, -64)
(-8, -79)
(138, -1)
(-44, -175)
(46, 38)
(-68, 87)
(-99, -58)

(-101, 107)
(-111, 173)
(-151, 117)
(-50, 173)
(-45, 198)
(198, -114)
(-131, 133)
(37, 108)
(-48, 182)
(-93, -192)
(-141, 0)
(96, 54)
(-60, 165)
(-10, -142)
(113, -7)
(-194, 1)
(-157, 19)
(-24, -198)
(-126, 13)
(182, -62)
(28, 42)
(-55, 162)
(41, -73)
(107, 176)
(33, 100)
(-86, 35)
(-58, 63)
(153, 164)
(-37, -23)
(-124, -131)
(174, 141)
(-181, 101)
(-121, -4)

10 2

(-182, -13)
(-108, 15)
(-141, -19)
(83, -75)
(-10, -9)
(58, 38)
(24, 114)
(-91, -89)
(-45, -151)
(-7, -25)

(-165, 68)
(-163, -31)
(8, 21)
(-171, -172)
(-86, 19)
(-40, -171)
(22, -193)
(-16, 6)
(-143, 143)
(-147, 59)
(-79, 90)
(-51, 187)
(-77, -41)
(101, -61)
(-152, -7)
(20, 104)
(-6, -39)
(152, 59)
(-56, 28)
(192, 161)

15 6

(180, 10)
(-86, 122)
(-123, 18)
(67, -1)
(118, 179)
(-194, 88)
(35, -44)
(-142, -157)
(189, -160)
(169, -193)
(-10, 65)
(-44, 23)
(190, -53)
(-47, 49)
(171, 96)

(-126, -59)
(-4, 111)
(144, -70)
(54, 195)
(-63, 143)
(-193, 123)
(-197, -71)
(157, 5)
(100, -99)
(-67, 92)
(-70, 25)
(116, -167)
(-83, 72)
(-42, 139)
(-135, -85)
(119, 118)
(63, -192)
(-188, 99)
(65, 132)
(137, -49)
(84, 61)
(-94, 153)
(-2, -108)
(-196, 70)
(111, 103)
(-145, 163)
(-77, -169)
(-119, 124)
(-80, 138)
(117, -104)
(110, 86)
(129, 181)
(-85, -109)
(-56, 136)
(97, 177)
(160, -167)
(-41, 133)
(16, 19)
(-102, 192)
(197, 83)
(-51, -165)
(-121, 144)
(-142, 78)
(200, -99)
(-4, -133)
(144, -123)
(68, 177)
(122, 82)
(-183, -180)
(-55, -40)
(-142, -72)
(6, 103)
(-62, -55)
(-53, 129)
(179, 27)
(-123, -165)
(27, -40)
(110, 26)
(-57, -81)
(162, 67)
(-93, 17)
(149, -126)
(-117, 1)
(150, -164)
(-93, -19)
(71, 31)
(-171, 10)
(-129, 68)
(98, 115)
(-112, 115)
(147, 166)
(174, 37)
(-50, 91)
(-148, 141)
(27, -127)
(-180, 44)
(-127, 49)
(187, 126)
(-134, -44)
(-175, 119)
(-178, 31)
(-68, 65)
(-10, -117)
(-91, 51)
(62, -63)
(1, 21)
(109, 158)
(-119, 128)
(83, 155)
(-136, 104)

14 2

(190, 0)
(-152, -40)
(180, 184)
(-103, 200)
(32, 197)
(149, 8)
(155, -6)
(-14, -34)
(-47, -13)
(122, 194)
(194, 82)
(-114, 77)
(107, -62)
(111, 97)

(70, -93)
(147, -73)
(-186, -175)
(-26, -82)
(-137, 148)
(-26, -69)
(-175, 104)
(20, 164)
(148, 159)
(-182, -194)
(2, -69)
(-15, -82)
(62, 180)
(-97, 114)
(58, 119)
(-100, 159)
(-92, -137)
(16, 143)
(-133, 120)
(-121, 10)
(-134, -56)
(161, 23)
(-146, -109)
(-58, 76)
(132, -110)
(-103, -136)
(125, -22)
(160, -73)

14 6

(-176, -2)
(145, 199)
(146, -45)
(53, -190)
(-28, 125)
(-74, 113)
(28, -37)
(24, -49)
(-141, -125)
(25, -137)
(-39, 127)
(152, -107)
(8, -198)
(152, -162)

(-179, -7)
(43, -146)
(-92, -30)
(88, -26)
(131, 66)
(50, 26)
(-188, 79)
(112, 137)
(-11, 128)
(-36, -23)
(-185, -98)
(172, -148)
(160, 155)
(-14, 95)
(-53, 169)
(178, 175)
(-69, 170)
(102, 178)
(-9, 184)
(115, 145)
(143, -142)
(-188, -81)
(-14, -74)
(-42, 171)
(43, 175)
(-118, 89)
(-120, -60)
(-25, 173)
(-60, 34)
(-180, 69)
(-167, -176)
(-1, 75)
(158, -52)
(-127, -121)
(84, -8)
(29, 26)
(30, 15)
(-77, -189)
(-173, -49)
(76, -34)
(-90, 133)
(12, 122)
(29, 129)
(65, -196)
(-191, 56)
(-158, 60)
(-34, -143)
(-127, -162)
(-26, -37)
(16, -93)
(13, 192)
(79, -168)
(-91, 169)
(-41, 116)
(-15, -185)
(-55, 106)
(26, -27)
(104, 28)
(24, -58)
(145, 105)
(-62, -187)
(-59, -135)
(-27, 113)
(97, 153)
(68, -27)
(160, 186)
(156, -7)
(-179, 3)
(168, -134)
(-3, -115)
(-42, -43)
(-99, -27)
(77, -148)
(114, -141)
(-148, 165)
(196, -42)
(-33, 176)
(165, 108)
(78, -139)
(-182, 180)
(-197, -43)
(-28, 145)
(-137, 104)
(77, 103)

8 2

(189, -58)
(-30, 186)
(-136, -101)
(76, 52)
(-46, -174)
(182, -80)
(-172, -187)
(18, -86)

(153, -116)
(49, 51)
(-116, -55)
(132, 150)
(82, -59)
(-148, 57)
(-9, -72)
(-13, -177)
(-117, -138)
(74, -136)
(139, 91)
(-71, -100)
(22, -8)
(11, 91)
(23, -106)
(8, 123)

14 7

(-64, -95)
(58, 34)
(-83, -186)
(-84, 145)
(-162, -182)
(-95, 71)
(170, -4)
(92, 57)
(126, 103)
(168, -108)
(-64, -99)
(15, 49)
(-158, 187)
(49, 156)

(139, 55)
(151, 49)
(-183, 63)
(-175, 114)
(191, -28)
(-119, 115)
(77, -115)
(175, -129)
(-171, 144)
(-177, -8)
(-93, -130)
(-191, 79)
(-11, -17)
(-23, 191)
(-191, 121)
(-96, 155)
(148, -200)
(-165, -124)
(-111, -187)
(-54, 77)
(153, -191)
(65, -84)
(-23, -166)
(102, -12)
(-99, 30)
(-38, -122)
(-116, 48)
(107, -176)
(-55, -69)
(-77, -20)
(187, -125)
(-188, -141)
(-169, 14)
(4, 14)
(-109, -191)
(-176, -108)
(-8, 82)
(-178, 170)
(28, 43)
(149, 106)
(145, 9)
(-81, 162)
(102, 1)
(-10, 185)
(-40, -30)
(112, 111)
(-46, -143)
(-160, 74)
(81, 156)
(-120, 23)
(-5, 50)
(135, -138)
(-149, 110)
(-174, -7)
(-122, 119)
(28, 100)
(68, 88)
(-145, 198)
(39, 119)
(-112, 3)
(63, 149)
(-6, -88)
(-126, -65)
(37, 21)
(-159, -153)
(167, -175)
(-134, 171)
(-190, 44)
(-138, 31)
(70, 73)
(-197, -152)
(19, 39)
(-39, -76)
(-46, 55)
(-98, -147)
(46, -93)
(-158, 24)
(16, -155)
(-153, -198)
(93, 21)
(79, 135)
(156, -173)
(-68, -69)
(-102, 95)
(101, -38)
(66, 49)
(104, -51)
(128, 24)
(45, 56)
(30, 73)
(-183, 17)
(-193, 82)
(140, -105)
(-151, -155)
(200, 166)
(-11, -122)
(-107, 94)
(197, 71)

8 5

(152, 179)
(102, -41)
(190, 65)
(-142, -57)
(-184, 49)
(174, -60)
(-129, -82)
(-157, 145)

(133, -72)
(-197, -171)
(-83, 89)
(-83, -111)
(164, -26)
(29, 14)
(-182, -163)
(138, -198)
(-37, 107)
(-25, -73)
(-112, 139)
(182, 100)
(88, -80)
(-14, 74)
(-100, 110)
(-65, 173)
(-4, -99)
(43, -93)
(-90, 88)
(-112, -128)
(8, -176)
(-165, -130)
(-48, -82)
(-46, -93)
(-82, 185)
(55, 36)
(-20, -123)
(80, 147)
(-15, 57)
(197, 179)
(-159, -107)
(34, 122)
(-87, -168)
(-18, 24)
(-15, -29)
(-187, -14)
(145, 49)
(63, 197)
(-52, 113)
(-197, -138)

15 7

(-199, 68)
(138, -49)
(-113, 171)
(-150, -164)
(-155, -188)
(-127, -125)
(35, 10)
(-148, -96)
(12, 0)
(-36, 150)
(-156, 31)
(35, 158)
(58, 54)
(-119, 23)
(199, -91)

(137, -188)
(-116, -78)
(78, 79)
(-26, -70)
(47, -182)
(-159, -28)
(83, -91)
(-49, 9)
(8, -138)
(171, 29)
(69, -101)
(-98, 31)
(-147, 186)
(85, 114)
(-69, 68)
(-118, 140)
(87, 135)
(-93, 185)
(195, -180)
(138, -22)
(-3, -69)
(-5, -126)
(14, 140)
(179, -97)
(-21, 52)
(-105, 54)
(142, 135)
(189, 114)
(-124, 180)
(-113, -114)
(-41, 188)
(-126, -1)
(152, -99)
(-14, 113)
(-79, 179)
(-150, -192)
(100, 135)
(-86, 60)
(-33, 35)
(-165, 9)
(162, 50)
(85, -28)
(25, 81)
(122, 97)
(112, -136)
(81, -144)
(-41, 83)
(151, 146)
(-62, 158)
(-186, -74)
(-107, -72)
(132, 150)
(-162, -104)
(180, -81)
(-199, -64)
(137, -45)
(-150, -32)
(-175, 58)
(162, -38)
(140, 167)
(-8, -97)
(91, 19)
(-157, 71)
(180, -178)
(102, 122)
(188, 35)
(170, -94)
(-20, 107)
(-63, 101)
(-49, 134)
(-43, 76)
(-65, -11)
(-72, -102)
(141, -105)
(36, -76)
(89, 86)
(71, -38)
(-158, -54)
(71, -88)
(-89, 107)
(30, 133)
(-94, 184)
(0, -146)
(-72, 7)
(29, 20)
(-1, -95)
(-134, -25)
(-24, -20)
(36, 163)
(193, -91)
(170, -166)
(145, -193)
(104, -41)
(-54, 46)
(-179, -72)
(173, 44)
(-181, -131)
(26, 67)
(-172, 116)
(126, -168)
(-12, -47)
(-73, -67)
(-15, -138)
(54, 101)
(-174, -111)

15 4

(35, 35)
(100, 56)
(-199, -87)
(177, -47)
(145, 62)
(-195, -107)
(195, 86)
(2, 10)
(-147, 51)
(8, 186)
(8, -130)
(-9, 190)
(135, -134)
(1, 166)
(183, 92)

(-37, -14)
(-77, 108)
(-171, 69)
(-35, 147)
(-91, -145)
(-17, 69)
(-200, 29)
(57, 113)
(146, 86)
(185, 175)
(-54, 83)
(57, 54)
(-10, -37)
(-141, -112)
(-58, -96)
(89, 114)
(-123, 163)
(-105, 27)
(174, 92)
(68, 183)
(-143, -131)
(-89, -45)
(103, 187)
(23, 59)
(-13, 72)
(113, 104)
(106, -20)
(-184, -132)
(-121, 55)
(127, 43)
(19, 70)
(91, 177)
(88, -159)
(58, -123)
(40, -39)
(-62, -191)
(107, -15)
(-100, -167)
(-161, 92)
(-46, 139)
(114, -55)
(-114, 57)
(-67, -70)
(153, 25)
(132, 68)
(-23, 82)
(73, -19)
(141, 148)
(-123, -193)
(174, -52)
(68, 8)
(28, 32)
(-86, 157)
(23, 161)
(-181, -70)
(64, 125)
(137, -130)
(112, 145)
(-195, -11)
(84, 166)

5 3

(-87, -85)
(-89, -84)
(-145, 163)
(105, -184)
(-187, -148)

(-116, 145)
(-197, -81)
(57, 122)
(4, -128)
(139, 165)
(-19, 34)
(-27, -190)
(179, -13)
(-57, -72)
(-177, -173)
(-13, -178)
(164, -90)
(-128, 34)
(69, -97)
(200, 176)

5 5

(57, 8)
(15, -118)
(42, -111)
(-196, -47)
(-146, -99)

(-36, -17)
(-54, 100)
(9, 187)
(137, 104)
(-176, 170)
(13, 20)
(-142, 59)
(94, 40)
(198, -194)
(66, 164)
(-20, -125)
(116, 102)
(-138, -37)
(-103, 148)
(164, -183)
(-142, 110)
(83, -49)
(22, -85)
(-99, -152)
(64, 87)
(160, -73)
(-89, 183)
(-29, 93)
(196, 7)
(-126, 39)

6 7

(-56, 39)
(181, 169)
(36, 82)
(-37, 190)
(155, 101)
(-12, 77)

(-169, -3)
(-25, 26)
(-4, -7)
(-41, -109)
(138, 84)
(-88, 59)
(13, 124)
(-62, 75)
(105, 162)
(109, 167)
(150, 107)
(-25, -22)
(-51, 110)
(-55, -178)
(-18, -40)
(-126, 195)
(55, -34)
(-152, -11)
(77, -112)
(-71, 168)
(-8, 200)
(9, -35)
(-181, 40)
(59, 148)
(32, 167)
(150, -182)
(33, -47)
(52, 22)
(-159, -6)
(190, 39)
(23, -198)
(-189, -154)
(-47, -194)
(147, 134)
(-175, -89)
(-27, 119)
(-22, -81)
(134, 5)
(-65, -18)
(-199, 97)
(-47, -196)
(-198, -22)

5 3

(-141, -161)
(-129, 9)
(150, 124)
(12, -135)
(164, 128)

(-148, 110)
(-113, 179)
(-92, 147)
(172, 78)
(16, -16)
(-187, 30)
(-25, 91)
(-45, -88)
(112, -159)
(-78, 69)
(169, 140)
(64, 62)
(-12, 138)
(106, -46)
(-187, -25)

6 3

(-102, 77)
(97, 159)
(113, 101)
(146, -17)
(-197, 127)
(-16, 191)

(42, 61)
(117, 42)
(59, -198)
(-54, -86)
(-195, 59)
(-125, -145)
(-161, 14)
(170, 75)
(166, -141)
(-27, -117)
(-167, 7)
(7, 65)
(188, -100)
(131, 94)
(29, 148)
(187, -7)
(-47, -167)
(-197, 143)

2 6

(-136, 195)
(123, 1)

(-56, 141)
(50, 52)
(-102, 84)
(-155, 64)
(-129, -12)
(-123, 102)
(-116, 57)
(165, -131)
(21, -129)
(106, -26)
(195, 9)
(-104, -145)

13 6

(-92, 159)
(119, -76)
(-141, 179)
(2, 187)
(70, -15)
(24, 169)
(-181, -1)
(73, -82)
(-121, -112)
(73, 139)
(-122, 122)
(-16, -4)
(71, 13)

(-176, 177)
(-21, -157)
(137, -39)
(-106, -104)
(29, 89)
(-148, -82)
(6, -143)
(171, 162)
(-143, 101)
(-85, -4)
(-77, 193)
(-3, -156)
(-158, -150)
(-58, 59)
(-144, -100)
(80, -160)
(70, -18)
(-9, -104)
(-188, -6)
(-66, -128)
(140, -57)
(-140, 141)
(64, -15)
(30, 31)
(-34, 155)
(108, -149)
(197, -79)
(141, 21)
(37, -190)
(-149, 9)
(-137, -12)
(-169, -157)
(100, 49)
(103, 120)
(-150, -147)
(19, -176)
(176, -102)
(2, 187)
(-120, 134)
(165, 104)
(-183, -186)
(166, 72)
(149, 109)
(-111, 64)
(104, 36)
(-61, -12)
(-140, -53)
(7, 73)
(-161, -17)
(59, 139)
(-149, 8)
(-62, 149)
(35, -158)
(113, -148)
(-109, 77)
(-86, -32)
(-139, -103)
(-104, 165)
(-89, -10)
(-199, 67)
(127, 88)
(147, 118)
(6, 95)
(-18, 195)
(-189, 166)
(89, 9)
(128, -50)
(29, 175)
(199, 14)
(117, -112)
(-115, -198)
(-27, 125)
(169, -177)
(-57, -83)
(11, -35)
(173, 171)
(75, 135)
(-62, -110)

3 2

(79, 137)
(-68, -164)
(-13, -32)

(77, 43)
(-157, -85)
(81, -11)
(-72, 85)
(2, -155)
(144, -157)

15 2

(179, -38)
(141, 142)
(-156, 177)
(167, -12)
(-95, -190)
(23, 45)
(179, 124)
(199, 146)
(-23, 187)
(-36, 175)
(-177, 132)
(-178, 164)
(59, 74)
(-27, -88)
(-180, 117)

(69, 79)
(-40, -124)
(-103, 66)
(165, -137)
(-44, -178)
(-132, -126)
(-19, 131)
(-157, 142)
(155, 170)
(-192, 187)
(159, 52)
(-167, 5)
(-76, 95)
(-61, -194)
(78, 72)
(196, 97)
(-80, -200)
(-199, -116)
(-50, -166)
(-25, -1)
(-15, 138)
(-65, 157)
(119, -167)
(168, 88)
(65, -108)
(-183, 62)
(42, -117)
(-18, 23)
(82, -197)
(185, -86)

8 5

(84, -187)
(138, -145)
(-127, 134)
(-110, -90)
(111, 65)
(178, -170)
(-25, 129)
(125, -89)

(-131, 118)
(-94, -41)
(129, -171)
(55, -145)
(33, 130)
(-108, -128)
(28, 171)
(110, 9)
(-190, -3)
(152, 111)
(111, 109)
(-111, 148)
(-173, -23)
(-60, -21)
(62, 171)
(-39, -109)
(-137, -96)
(-113, 171)
(-16, 14)
(55, -99)
(-55, 15)
(65, 0)
(88, 169)
(46, 165)
(183, 184)
(-103, -123)
(80, 133)
(188, 137)
(146, 98)
(-93, -46)
(-113, 4)
(120, -143)
(69, 174)
(100, -20)
(-74, -75)
(186, -109)
(67, 112)
(187, 29)
(75, -104)
(-84, 62)

6 6

(-3, 179)
(10, 137)
(-47, 187)
(197, 183)
(-184, 172)
(39, -129)

(-49, 29)
(-118, 17)
(133, 85)
(120, -125)
(-186, -38)
(114, 140)
(152, -22)
(-107, -174)
(153, 146)
(46, 185)
(120, -156)
(-19, -69)
(18, -54)
(-185, -36)
(188, 55)
(182, 53)
(126, 182)
(183, -11)
(7, -36)
(80, -19)
(-187, 46)
(137, -155)
(-143, 17)
(-142, 103)
(-159, -58)
(23, 86)
(-20, -133)
(148, -108)
(-38, 76)
(149, -23)
(5, -147)
(-83, 108)
(189, -190)
(3, -19)
(180, -175)
(49, -55)

5 4

(-60, 127)
(192, 88)
(141, -19)
(-166, -61)
(-171, -115)

(-58, -165)
(178, 96)
(85, -3)
(-58, 45)
(14, 87)
(93, -107)
(-200, 31)
(89, -170)
(12, -72)
(-4, 0)
(-133, 75)
(-8, 64)
(104, -113)
(195, 64)
(-48, -21)
(-90, 184)
(26, -83)
(-162, 128)
(-104, 198)
(-58, 169)

8 6

(55, -193)
(92, -98)
(33, 146)
(-21, -169)
(-164, -30)
(134, -142)
(153, 89)
(122, 49)

(40, 67)
(41, -55)
(-109, 6)
(46, 65)
(-11, 121)
(-184, 140)
(21, -114)
(192, 29)
(39, 121)
(-187, -179)
(121, -53)
(-200, -48)
(-185, -131)
(87, 188)
(-177, -66)
(184, 84)
(167, -103)
(72, 109)
(121, 110)
(-115, 70)
(145, 117)
(-191, -68)
(45, 146)
(-193, 170)
(186, -46)
(59, -107)
(-95, 133)
(88, -194)
(35, -28)
(-72, -97)
(-116, 194)
(48, -60)
(149, -93)
(-44, -55)
(-8, -161)
(-61, -118)
(47, -11)
(-72, 28)
(-100, -37)
(-80, 146)
(17, 74)
(31, 76)
(144, 195)
(-68, 187)
(110, 165)
(-161, -199)
(-136, -62)
(62, 182)

4 3

(140, -92)
(116, -29)
(-27, 93)
(87, 40)

(39, -160)
(-138, 156)
(33, -174)
(179, 79)
(89, 98)
(18, -60)
(117, -89)
(-74, 198)
(51, -24)
(25, 37)
(114, -193)
(-53, -154)

7 3

(-91, 163)
(139, -34)
(-81, 94)
(185, -141)
(200, -15)
(-114, -101)
(-103, -172)

(-118, -120)
(126, 123)
(-48, -165)
(148, 159)
(-117, 119)
(172, 10)
(19, 62)
(55, 147)
(-178, -27)
(-121, 76)
(22, -110)
(-178, -171)
(1, -14)
(175, -100)
(-55, -143)
(-38, 193)
(12, -33)
(102, 49)
(191, 44)
(193, -151)
(133, 137)

13 2

(197, 197)
(186, -180)
(-71, -184)
(-84, 39)
(114, 165)
(-139, -152)
(51, -129)
(-179, 155)
(105, -118)
(-31, -70)
(-146, -32)
(174, -31)
(-149, 68)

(92, -53)
(-12, -98)
(142, -126)
(81, -54)
(-133, 12)
(-11, 121)
(4, 109)
(-169, 58)
(-196, -196)
(-84, -10)
(68, 71)
(-103, -188)
(170, -146)
(73, -128)
(-167, 91)
(-111, 71)
(102, 41)
(-8, 41)
(198, 65)
(138, 60)
(-63, -48)
(26, -154)
(162, -166)
(-145, -171)
(119, 69)
(-54, 30)

4 6

(186, 106)
(89, -143)
(-118, 98)
(157, -68)

(29, -182)
(200, -102)
(12, -148)
(181, -60)
(-44, 184)
(-96, 67)
(73, -39)
(-54, -121)
(-151, -186)
(37, 46)
(77, -8)
(64, -62)
(86, 2)
(-65, 49)
(-97, -45)
(-80, 114)
(194, -26)
(4, -198)
(160, 30)
(-21, 13)
(163, -97)
(-7, -120)
(-67, 149)
(-35, 60)

2 2

(89, 56)
(-107, -39)

(-192, 37)
(-157, 84)
(191, -88)
(-146, 119)

3 7

(-96, 48)
(-98, -82)
(48, -144)

(63, -25)
(-171, 197)
(-132, -142)
(-146, -82)
(-135, -106)
(65, 62)
(-4, -190)
(156, 89)
(96, -171)
(-156, 88)
(-45, -129)
(-93, 147)
(128, 68)
(-198, 93)
(-121, 24)
(-48, -18)
(-96, -193)
(100, -89)
(10, 172)
(136, -138)
(93, -7)

10 3

(-185, -56)
(57, -135)
(-179, 65)
(176, -128)
(-190, 7)
(-162, 34)
(-65, -59)
(179, -147)
(-78, -63)
(-124, -28)

(55, -114)
(190, 85)
(-134, -75)
(178, 46)
(49, 106)
(81, 156)
(-186, 161)
(111, 8)
(-97, -198)
(-92, 121)
(-139, 178)
(121, 194)
(67, -19)
(-148, 78)
(22, -23)
(56, -188)
(45, 57)
(-54, -69)
(-50, 175)
(181, -46)
(-93, -15)
(131, -66)
(62, 6)
(-29, 149)
(-198, 65)
(34, -88)
(106, -5)
(104, 20)
(-167, 66)
(85, -45)

12 2

(-106, 167)
(-18, -13)
(57, 34)
(168, -55)
(-110, 147)
(160, -134)
(-118, -123)
(99, 96)
(-77, 57)
(187, -129)
(11, -179)
(-54, 143)

(111, 155)
(-44, -17)
(160, -16)
(42, 12)
(-78, 10)
(189, -19)
(140, -136)
(112, 82)
(50, -167)
(156, -176)
(-56, 103)
(147, 41)
(-145, -8)
(-5, -112)
(-31, 92)
(-85, -121)
(101, -12)
(58, 14)
(-80, -4)
(87, 79)
(-194, 190)
(-95, -22)
(77, -53)
(-17, 129)

7 7

(12, 132)
(-138, -100)
(-70, -4)
(-149, -95)
(60, 19)
(-143, 34)
(-3, -137)

(187, -141)
(-26, -98)
(-117, -110)
(109, 74)
(94, -87)
(123, -12)
(120, 190)
(-78, -124)
(-148, 173)
(34, -19)
(14, 26)
(60, 69)
(-136, 14)
(-195, 7)
(148, 53)
(13, -194)
(-75, -21)
(52, -7)
(72, 131)
(123, -4)
(-181, 98)
(-157, 1)
(-149, -4)
(-137, 124)
(-60, -190)
(-36, 176)
(47, 63)
(-59, 193)
(-130, 140)
(152, -117)
(79, 160)
(-60, 31)
(48, -23)
(140, 66)
(-107, -12)
(193, -25)
(185, 77)
(-159, 104)
(-11, 176)
(-35, -58)
(143, -94)
(-173, -187)
(30, -197)
(-58, -146)
(79, 48)
(167, 16)
(-154, 22)
(134, -11)
(52, -155)

9 7

(151, 119)
(-64, -156)
(71, -102)
(186, 165)
(71, -177)
(-179, -135)
(184, 199)
(-59, 166)
(56, 59)

(-109, -11)
(102, 96)
(130, -144)
(-131, 58)
(61, 101)
(-57, 145)
(-189, 54)
(-16, 149)
(-31, 3)
(102, 142)
(134, 200)
(124, -165)
(20, 55)
(152, -174)
(72, 102)
(-149, 77)
(-195, 171)
(139, -9)
(-164, 191)
(-62, 25)
(5, 105)
(102, -12)
(-93, -144)
(-147, -88)
(154, 98)
(-157, 134)
(68, 97)
(119, -146)
(96, 168)
(46, 80)
(-81, -21)
(118, 41)
(27, -87)
(153, 161)
(36, -153)
(-188, 81)
(-127, -165)
(-198, 199)
(-31, -193)
(-42, -42)
(3, -61)
(-41, -183)
(-116, 178)
(-111, -87)
(119, 129)
(-174, 200)
(-9, -58)
(56, 193)
(-168, 71)
(54, -93)
(-173, -71)
(111, 82)
(-80, -74)
(-138, 106)
(-161, -24)
(163, -103)
(-167, 124)
(55, -100)
(33, 155)
(116, -18)
(-77, 130)
(-18, -39)
(37, -142)

15 6

(91, -167)
(-44, 91)
(-194, 79)
(-131, 197)
(-113, -49)
(16, -89)
(43, 39)
(157, -44)
(100, 69)
(150, -169)
(81, 189)
(132, -145)
(-1, -152)
(-157, -6)
(-106, 131)

(68, -159)
(88, -9)
(-194, -24)
(14, -152)
(-147, -168)
(80, -128)
(-99, 106)
(130, -173)
(-200, 26)
(160, -177)
(-5, 109)
(-168, -69)
(-31, 130)
(-188, -63)
(-186, -150)
(143, 0)
(-33, -5)
(-93, -129)
(-23, 193)
(30, -72)
(7, -137)
(139, -147)
(32, -37)
(-88, 125)
(60, 16)
(40, 78)
(-17, 38)
(-189, 146)
(171, 77)
(-58, -8)
(139, -67)
(125, -53)
(-169, -138)
(149, 69)
(107, -86)
(-95, 143)
(-147, -200)
(-176, 56)
(13, -79)
(-15, 146)
(-24, 166)
(157, -2)
(6, 48)
(-130, -97)
(43, 9)
(-42, -63)
(-82, -155)
(143, 136)
(-52, 146)
(-181, 165)
(-178, -123)
(-185, 78)
(109, -70)
(-32, -175)
(-160, -121)
(33, -37)
(51, -32)
(-51, -146)
(-106, 146)
(-154, 15)
(-193, 36)
(76, 66)
(82, 145)
(56, 32)
(100, 32)
(28, 35)
(87, -66)
(32, 78)
(50, 63)
(164, -81)
(-100, -157)
(186, 2)
(129, 156)
(106, 1)
(-68, -159)
(92, 152)
(-29, 49)
(-28, -31)
(145, 29)
(150, 72)
(-95, -103)
(-12, 35)
(23, -200)
(200, 30)
(38, 153)
(175, -84)
(-36, -80)
(-71, -49)
(183, 117)
(170, 130)

8 6

(115, 13)
(67, -120)
(66, 82)
(-94, -142)
(134, 114)
(-180, -153)
(161, -21)
(-104, 191)

(73, 27)
(52, 182)
(-79, 7)
(-14, 16)
(169, 186)
(6, 24)
(-170, 66)
(-197, 103)
(19, -26)
(-58, -131)
(70, 52)
(-123, 148)
(46, 161)
(-80, 145)
(110, 125)
(-67, -156)
(-141, -61)
(143, 106)
(-163, -33)
(58, -94)
(-198, -196)
(135, 117)
(-183, 111)
(18, -106)
(-28, 73)
(46, -80)
(-47, 37)
(-164, 159)
(195, 146)
(-139, 195)
(35, -91)
(79, 50)
(0, -172)
(30, 16)
(-172, -137)
(67, 91)
(-105, 118)
(-140, 8)
(77, 87)
(183, 101)
(105, 192)
(124, -33)
(160, 159)
(166, 127)
(73, 78)
(-7, 38)
(-14, -50)
(15, -101)

5 7

(199, 200)
(155, -25)
(-180, -101)
(170, 128)
(15, -144)

(-31, -73)
(167, 14)
(194, 43)
(-142, 113)
(193, 20)
(115, -176)
(-181, -36)
(46, -57)
(83, 180)
(8, -68)
(-80, 166)
(-33, -163)
(-75, -197)
(159, -50)
(173, 89)
(121, 175)
(-141, -16)
(-174, -93)
(60, 23)
(-156, -160)
(-42, 53)
(10, -35)
(165, -16)
(-130, 13)
(74, 83)
(138, -80)
(194, 68)
(-150, 34)
(-171, 56)
(93, 151)
(7, 95)
(22, -30)
(164, -138)
(44, -115)
(-53, -181)

12 6

(-84, -168)
(4, -36)
(148, 73)
(46, 115)
(165, -95)
(17, 196)
(157, -153)
(173, 118)
(-142, 51)
(111, -14)
(185, 185)
(-34, -56)

(24, 92)
(180, -180)
(174, 135)
(114, -39)
(180, 83)
(132, 160)
(168, 105)
(41, -89)
(174, 14)
(-17, 29)
(100, 151)
(54, -145)
(61, -34)
(7, 72)
(180, -23)
(173, 77)
(-30, -6)
(7, 113)
(-118, -194)
(-93, -95)
(0, -65)
(-98, 100)
(-66, -87)
(-20, 36)
(128, -170)
(61, 60)
(-193, -188)
(-136, -180)
(192, 185)
(195, -178)
(64, -140)
(-107, 187)
(-101, 85)
(-146, 57)
(1, 150)
(-20, 30)
(188, 31)
(136, 125)
(180, -163)
(58, 59)
(11, 138)
(-178, -200)
(-186, 161)
(-105, -131)
(58, 112)
(14, 127)
(-160, 51)
(29, -153)
(105, 181)
(78, -113)
(-155, -103)
(111, 26)
(68, 109)
(44, -9)
(198, 178)
(168, 99)
(80, -190)
(-177, 37)
(-198, 37)
(89, -80)
(-55, -102)
(23, -83)
(67, -74)
(-153, -53)
(-119, -158)
(58, 115)
(-180, -79)
(-149, 118)
(-59, 4)
(-162, -189)
(-70, -32)
(-139, -171)

7 4

(106, 192)
(-91, 174)
(139, 27)
(29, -171)
(112, -88)
(-150, 40)
(-187, 189)

(-116, -31)
(-147, 53)
(-35, 60)
(-158, -159)
(-1, 6)
(168, -81)
(-108, 38)
(-124, -75)
(-152, 35)
(-187, 64)
(-95, 147)
(22, -191)
(-167, 74)
(-90, 187)
(-153, 100)
(-60, 23)
(19, -163)
(12, -120)
(-130, 85)
(-140, 0)
(69, 123)
(-141, 168)
(-43, 153)
(101, -14)
(-117, -2)
(186, 195)
(-141, 30)
(-35, 139)

13 3

(60, -117)
(-139, -61)
(-116, -165)
(-104, 93)
(-146, 111)
(47, 69)
(14, 122)
(115, -108)
(-136, 158)
(-101, -87)
(181, -188)
(125, -104)
(-136, -63)

(183, 151)
(-104, 168)
(-1, 115)
(56, -142)
(179, -176)
(-27, -141)
(21, -57)
(113, -15)
(-68, -103)
(-115, 37)
(8, 43)
(-12, -177)
(130, -46)
(23, 81)
(-129, 29)
(-104, 24)
(107, 71)
(-8, -54)
(117, -199)
(-101, -57)
(-39, 20)
(-67, 2)
(-152, 144)
(128, -52)
(-67, 159)
(123, -169)
(-132, 141)
(145, -11)
(16, -103)
(-91, -97)
(7, 190)
(77, 89)
(155, 18)
(95, -65)
(-194, -8)
(70, -192)
(123, -191)
(69, -107)
(82, -108)

7 6

(185, -16)
(-99, -33)
(-73, -118)
(41, 18)
(47, 64)
(-112, -29)
(140, -125)

(94, 154)
(166, -136)
(-61, -159)
(34, 125)
(-87, -127)
(186, -32)
(-48, -5)
(167, -34)
(39, -78)
(-121, 156)
(-179, -125)
(199, -153)
(-77, -16)
(-110, -177)
(-43, 200)
(176, 110)
(158, -176)
(60, -66)
(-182, -169)
(186, -194)
(167, 24)
(-152, 198)
(197, -60)
(140, 122)
(-77, -184)
(8, -75)
(-176, 195)
(182, 176)
(102, -95)
(-50, 76)
(131, -31)
(-127, 74)
(89, 162)
(-33, -112)
(12, 40)
(-132, 9)
(-178, -142)
(-192, -147)
(152, -157)
(-12, -115)
(-10, 98)
(-17, -135)

11 2

(194, -169)
(143, -81)
(-26, 98)
(-7, 125)
(26, -50)
(-59, 167)
(143, 172)
(126, -176)
(-45, 141)
(50, 21)
(-41, 84)

(-95, -59)
(-130, 153)
(139, -43)
(-172, 184)
(54, -84)
(158, 57)
(1, -68)
(16, 14)
(110, 157)
(-104, -90)
(-117, -144)
(59, 38)
(192, -42)
(-93, 42)
(104, -154)
(-172, 46)
(-150, 50)
(-119, -121)
(166, -156)
(128, 155)
(-109, -18)
(134, 162)

12 5

(12, 183)
(-40, 163)
(82, -200)
(20, -175)
(-194, -103)
(155, 194)
(33, -124)
(106, 108)
(-9, -84)
(92, 173)
(-126, 112)
(-78, -53)

(-82, -62)
(47, 89)
(79, 184)
(180, 138)
(197, 56)
(156, 145)
(119, -95)
(107, -65)
(126, -102)
(-143, -56)
(-80, 149)
(-159, -137)
(110, -78)
(-127, 197)
(155, -172)
(67, 196)
(-56, 186)
(12, -96)
(-161, -37)
(6, -170)
(166, -4)
(168, -173)
(-124, 40)
(-147, -16)
(-75, -196)
(195, -124)
(-194, -45)
(-188, -90)
(115, 144)
(25, -9)
(108, 120)
(33, -60)
(122, -2)
(119, 87)
(157, -43)
(-52, 48)
(-123, -194)
(10, -191)
(28, 189)
(-44, -101)
(-110, -30)
(2, -5)
(-116, -140)
(107, -190)
(-134, 80)
(97, 138)
(-121, 120)
(-169, -190)
(119, 8)
(-192, -189)
(-10, -25)
(-135, 113)
(42, -199)
(-101, -16)
(21, -132)
(116, -34)
(-190, 135)
(128, 40)
(-107, 168)
(14, 138)

2 6

(52, 67)
(-179, 175)

(-159, 68)
(37, -138)
(-47, -57)
(-121, 105)
(41, -194)
(16, -137)
(6, -72)
(-19, 173)
(-175, 125)
(185, 63)
(-146, 17)
(128, 32)

8 6

(-62, 107)
(144, 71)
(-164, 85)
(-75, -166)
(191, -165)
(135, -167)
(-81, -11)
(9, 83)

(57, 178)
(184, -90)
(-89, 17)
(-115, 188)
(119, 54)
(62, -4)
(-177, -116)
(75, -161)
(-88, -117)
(-115, 152)
(-95, -131)
(-13, -97)
(13, 64)
(-64, -52)
(104, 23)
(-45, -60)
(-168, 154)
(118, 34)
(-31, 83)
(-179, -192)
(-56, -74)
(-175, 156)
(-82, 56)
(-118, -120)
(138, -185)
(97, 16)
(-17, 138)
(-1, -66)
(160, -199)
(-13, -123)
(111, -101)
(-15, -125)
(-176, 11)
(-190, 55)
(-152, 121)
(-164, -8)
(-7, 138)
(54, 153)
(64, -91)
(134, 61)
(-23, 63)
(-67, -74)
(180, -152)
(107, -143)
(-119, 127)
(110, -83)
(139, 161)
(-54, 95)

9 5

(-198, 20)
(34, -190)
(-123, -43)
(116, -130)
(-9, 166)
(-66, 107)
(-112, 81)
(-49, -78)
(125, -160)

(96, -139)
(-182, -186)
(33, -120)
(23, 7)
(-56, -185)
(195, 52)
(27, 178)
(153, -175)
(133, 55)
(91, 75)
(68, 59)
(69, -105)
(152, 176)
(-20, 46)
(-37, 103)
(-149, 60)
(164, 80)
(-74, 88)
(-10, -21)
(28, 7)
(34, -87)
(66, -182)
(-11, -153)
(157, 125)
(-71, -154)
(-39, -182)
(-27, 181)
(0, -163)
(-105, 7)
(51, 189)
(-100, 174)
(-80, 44)
(-150, -151)
(-181, 110)
(94, 77)
(-5, 107)
(-102, -146)
(68, -124)
(-11, -143)
(31, -98)
(-131, -23)
(189, 67)
(12, -188)
(-34, -177)
(153, 79)

8 6

(22, 32)
(167, -151)
(-61, 97)
(-196, -43)
(62, -55)
(195, -12)
(-136, -4)
(-134, 17)

(108, -130)
(166, -3)
(140, 139)
(47, 165)
(-182, -21)
(-62, -152)
(52, -46)
(-23, 111)
(-186, -178)
(-4, 187)
(-141, -116)
(41, -3)
(-175, -60)
(-109, 196)
(-73, -118)
(-40, -29)
(-22, -111)
(74, -127)
(45, 8)
(-164, -156)
(0, -196)
(-82, -173)
(91, 2)
(-40, -185)
(56, 175)
(176, 78)
(73, 180)
(116, 97)
(-166, 126)
(-80, -160)
(44, -200)
(-9, 39)
(-135, -177)
(-105, -173)
(78, -171)
(-37, 109)
(-38, -112)
(-109, 80)
(105, -68)
(-67, 166)
(119, 89)
(175, -7)
(-29, -112)
(95, 144)
(20, -12)
(-86, 183)
(72, -116)
(-62, -183)

12 7

(8, 114)
(-12, -137)
(-36, -174)
(134, 99)
(34, 143)
(113, -182)
(17, -189)
(148, 17)
(-187, 131)
(107, 108)
(121, -186)
(-80, 8)

(74, -114)
(-117, 199)
(195, 118)
(-74, -123)
(-118, -38)
(176, 22)
(-127, 182)
(124, -16)
(88, 1)
(57, -58)
(-95, -34)
(179, -8)
(-175, -10)
(-171, 121)
(155, -138)
(-125, -74)
(144, 160)
(-11, -169)
(-17, -117)
(-16, -9)
(-40, -144)
(20, 147)
(195, -6)
(115, -184)
(-6, 176)
(19, -187)
(184, 105)
(-134, -90)
(26, -136)
(40, 81)
(165, 52)
(91, 39)
(-52, -95)
(79, 170)
(-12, 102)
(-132, -75)
(173, 66)
(38, -86)
(108, -67)
(-89, 63)
(-44, 76)
(122, -89)
(-198, -95)
(-145, 11)
(172, -92)
(156, -166)
(93, 76)
(-136, -17)
(-1, -4)
(-52, 122)
(200, -9)
(-29, 73)
(-97, -149)
(-152, 110)
(-199, 188)
(162, -115)
(84, -144)
(-138, -156)
(-150, -42)
(165, -197)
(144, 124)
(-40, -14)
(-111, -188)
(-1, -125)
(38, -28)
(-116, 22)
(33, -48)
(78, 197)
(-94, -197)
(10, 55)
(-83, 29)
(54, 48)
(-72, -92)
(-152, 182)
(128, -167)
(-128, -110)
(-77, -18)
(-187, 33)
(34, -63)
(-9, 171)
(127, 135)
(64, -186)
(-78, -110)
(-131, 72)

9 7

(193, 75)
(-188, -192)
(11, 174)
(-33, -98)
(-198, 199)
(148, -107)
(-152, 53)
(-54, -135)
(118, -62)

(191, -163)
(-29, 91)
(-157, 144)
(-107, -121)
(-7, 39)
(-132, -137)
(90, -38)
(18, -49)
(88, -200)
(184, 31)
(147, 83)
(-158, -76)
(-177, 66)
(37, 35)
(91, -178)
(27, 34)
(168, -7)
(26, -112)
(155, 87)
(-126, -61)
(-36, -39)
(-116, 169)
(7, 44)
(87, -63)
(-12, -130)
(-90, 14)
(86, -154)
(94, 32)
(-57, 80)
(59, -174)
(-21, 44)
(-57, -192)
(-138, 172)
(175, 152)
(-141, -129)
(-174, 21)
(-198, 9)
(31, -67)
(146, -107)
(-131, -138)
(-84, 189)
(-81, 115)
(-80, 70)
(-116, -180)
(172, 54)
(97, 134)
(125, -55)
(66, 47)
(52, -188)
(115, 9)
(86, 21)
(120, 3)
(122, 72)
(-7, 155)
(133, 81)
(-166, -197)
(-52, 50)
(-142, 92)
(-139, -133)
(47, 87)
(-20, 143)
(99, 68)
(109, 167)

12 3

(6, 64)
(101, -60)
(162, -89)
(77, 37)
(27, 8)
(-134, 127)
(-6, 197)
(113, -141)
(31, -140)
(1, 162)
(-77, 88)
(188, 167)

(-101, -29)
(-174, 27)
(-110, -36)
(-5, 175)
(-38, -193)
(-106, 102)
(172, 63)
(-150, -106)
(29, -178)
(-106, -107)
(-1, 12)
(169, -156)
(-84, -89)
(108, 187)
(-53, 123)
(-62, -87)
(76, -39)
(185, 162)
(116, 9)
(81, 81)
(173, 176)
(-115, -122)
(-41, 71)
(42, 152)
(110, 105)
(-19, -27)
(158, 98)
(166, 138)
(-47, -147)
(165, -102)
(-189, 74)
(120, -96)
(-79, 15)
(-157, 186)
(-2, 35)
(84, 182)

11 5

(44, -192)
(-74, 130)
(-196, -24)
(-52, -158)
(45, -23)
(172, 56)
(180, 62)
(-34, -104)
(-111, 53)
(-127, 101)
(186, -50)

(183, -41)
(-67, -31)
(-123, -9)
(79, 10)
(67, 96)
(2, -56)
(66, -157)
(-21, -167)
(2, 99)
(93, -67)
(-2, -157)
(-179, -72)
(-24, -181)
(10, -71)
(-130, -160)
(-156, -53)
(133, 158)
(40, -117)
(-86, -25)
(-179, -64)
(102, -55)
(102, -110)
(-144, -135)
(78, -68)
(-70, 127)
(-109, 145)
(-159, -73)
(180, -195)
(74, -122)
(113, 118)
(124, 167)
(130, 134)
(0, 101)
(-6, 55)
(133, -32)
(-79, 120)
(187, -19)
(-145, 5)
(-48, -160)
(-70, -147)
(60, 95)
(111, 158)
(39, -28)
(-175, 78)
(-15, 8)
(183, 165)
(5, 82)
(-70, 118)
(-77, -148)
(-129, -146)
(-119, 144)
(-100, -65)
(31, -182)
(82, -170)
(-183, 197)

8 3

(-113, 110)
(21, -32)
(-3, 191)
(65, 178)
(-116, 105)
(-192, 46)
(-64, -124)
(-144, -146)

(-67, -185)
(-173, 170)
(134, -168)
(-182, -21)
(-179, 146)
(-23, -135)
(-16, 25)
(156, -83)
(3, 41)
(-14, -197)
(65, -149)
(-25, 8)
(1, 83)
(37, -74)
(14, 10)
(36, -17)
(6, -108)
(69, 174)
(57, -86)
(101, -66)
(116, 145)
(34, -13)
(91, -101)
(-82, -160)

3 6

(171, 143)
(-152, 150)
(27, -64)

(72, -197)
(-196, -177)
(157, -53)
(-47, 148)
(172, 0)
(23, 35)
(-41, -110)
(30, 37)
(140, -166)
(106, -29)
(53, -69)
(87, 146)
(-45, -119)
(50, 95)
(-140, 36)
(-65, 97)
(-41, 13)
(105, 122)

12 2

(-184, -67)
(88, 163)
(-2, -192)
(37, 43)
(-14, 128)
(81, -88)
(-61, -82)
(102, -137)
(35, 76)
(91, 12)
(116, 104)
(103, 121)

(-161, -160)
(192, -118)
(-197, -79)
(53, 107)
(171, -155)
(-92, 137)
(-108, 16)
(-173, 59)
(-159, -58)
(-37, -112)
(-158, -167)
(-8, -81)
(117, 35)
(-81, -31)
(68, 83)
(42, 25)
(-51, -189)
(89, -16)
(89, -185)
(-138, 200)
(-193, 86)
(27, 90)
(-112, 60)
(-58, -153)

10 3

(-76, -46)
(-37, -187)
(131, 70)
(-107, -159)
(105, -122)
(117, 120)
(195, 60)
(43, -125)
(66, -129)
(187, -130)

(124, -129)
(-198, -158)
(-175, -12)
(155, 55)
(-14, 23)
(40, 65)
(12, 65)
(11, -64)
(-41, 128)
(11, 40)
(-42, 91)
(-85, 62)
(-91, -49)
(-156, -106)
(-47, -54)
(7, 49)
(-111, -126)
(-151, 97)
(173, -19)
(70, -27)
(-3, -200)
(-95, 11)
(-62, 183)
(-18, -167)
(58, -106)
(191, 85)
(200, 180)
(133, 164)
(185, 109)
(112, 14)

14 6

(-176, -141)
(66, -29)
(169, 14)
(76, 109)
(-55, -42)
(36, -133)
(90, 132)
(-30, 40)
(-19, -14)
(-198, 120)
(77, -171)
(-33, -39)
(-110, 113)
(-106, 53)

(101, 163)
(-44, -138)
(51, -183)
(-146, -182)
(112, 94)
(91, 160)
(-69, 197)
(18, -72)
(197, -53)
(181, 110)
(198, 173)
(164, -21)
(-196, -76)
(34, 178)
(-189, 169)
(-9, 42)
(18, 42)
(-7, -80)
(155, -189)
(57, -28)
(86, 171)
(-177, 62)
(20, 122)
(86, 17)
(184, 49)
(195, -153)
(-3, -83)
(167, 67)
(112, 175)
(-115, -88)
(-172, -36)
(-169, 190)
(-101, 108)
(-60, -141)
(103, 60)
(-183, -62)
(111, 36)
(-189, 46)
(-113, 20)
(-178, 21)
(31, -9)
(77, -26)
(-51, -23)
(104, 43)
(171, 164)
(-181, -54)
(96, 163)
(-20, -197)
(-80, 79)
(-6, -148)
(-177, 40)
(7, 142)
(-13, -105)
(97, 117)
(-42, 188)
(-181, -90)
(60, -165)
(143, -150)
(-18, -195)
(-150, 195)
(-35, -64)
(147, 86)
(-86, -97)
(-94, -32)
(106, 90)
(-108, -97)
(-53, -72)
(-192, 52)
(-37, -143)
(135, -168)
(-124, 34)
(-163, 74)
(114, -198)
(-109, -32)
(-76, -54)
(23, 154)
(132, 180)
(35, -102)
(-34, -30)
(-103, -118)
(90, -88)
(169, 109)
(-93, -38)
(175, 155)

12 5

(-199, -144)
(156, -93)
(59, -82)
(-197, 181)
(-115, 133)
(-75, -38)
(32, 54)
(-97, -100)
(94, 40)
(-40, -120)
(17, -116)
(37, -35)

(115, -149)
(105, -25)
(-117, 148)
(171, 95)
(105, 199)
(176, 200)
(139, 20)
(-79, -121)
(155, 36)
(72, 79)
(-47, 113)
(-179, -164)
(-51, 150)
(194, 59)
(181, -197)
(111, -174)
(-193, -14)
(-54, 17)
(-139, 25)
(57, -58)
(151, -4)
(-87, -126)
(-98, -164)
(-178, 129)
(105, -12)
(115, 187)
(-62, -135)
(173, -109)
(146, -83)
(-186, -16)
(-134, 175)
(-11, -116)
(119, -157)
(134, 10)
(-79, 193)
(-174, 140)
(-150, -174)
(48, -176)
(103, 72)
(-176, -123)
(118, 100)
(-131, 172)
(-102, -143)
(48, -187)
(-64, -81)
(139, 162)
(-58, 81)
(-192, -155)
(-166, 138)
(-83, 166)
(-200, 183)
(93, -117)
(79, 154)
(199, -116)
(192, 173)
(-129, 0)
(154, -5)
(84, 133)
(72, -49)
(184, 107)

14 5

(125, 156)
(170, -92)
(190, 96)
(176, -44)
(-25, 195)
(-107, 3)
(139, 45)
(154, 130)
(140, -110)
(163, 143)
(77, 145)
(12, -178)
(28, -20)
(97, -52)

(194, -185)
(152, 107)
(-117, -104)
(-200, -22)
(111, 1)
(160, -104)
(12, 174)
(180, 136)
(2, -22)
(7, -63)
(163, 163)
(199, -135)
(-19, -32)
(-135, 127)
(-12, -147)
(-101, 74)
(167, -27)
(-160, -162)
(110, 26)
(-113, 98)
(-6, 11)
(-189, 157)
(92, -79)
(59, -151)
(23, -128)
(-126, -146)
(37, -90)
(43, -181)
(-19, 126)
(-36, 101)
(192, -54)
(-182, 77)
(31, -10)
(119, 91)
(73, -118)
(-156, 99)
(-123, -89)
(111, 90)
(6, -186)
(-190, -99)
(-144, 89)
(88, 147)
(109, -144)
(-200, -52)
(103, 120)
(-50, -196)
(100, 37)
(-165, -99)
(-183, -40)
(104, 187)
(69, -79)
(-145, 147)
(-52, 67)
(-35, -194)
(-55, 2)
(-147, -151)
(45, -104)
(96, -111)
(135, -17)
(-186, -80)
(174, -94)
(7, -79)
(16, -85)
(-10, 168)
(144, -106)
(60, 170)
(-14, -128)
(-12, -51)
(-62, 131)
(-83, 56)

8 4

(70, -190)
(58, -179)
(-165, -123)
(-76, -80)
(166, -165)
(25, -53)
(33, 189)
(104, -34)

(-175, 163)
(93, -129)
(-50, -6)
(155, 170)
(60, -81)
(-6, 52)
(185, 146)
(-122, 107)
(-135, 193)
(-168, -122)
(123, 191)
(14, -88)
(165, 136)
(-57, -200)
(61, -74)
(-96, -50)
(-138, -100)
(-54, 106)
(154, 152)
(15, -102)
(192, -65)
(56, -170)
(-20, -70)
(-6, -11)
(144, -189)
(-169, 196)
(-134, -16)
(156, 30)
(-31, -182)
(6, 67)
(-29, 82)
(-95, -13)

14 6

(81, 156)
(33, -200)
(-164, -111)
(-103, -109)
(-105, -182)
(156, 117)
(-52, 58)
(139, 45)
(56, 163)
(97, 134)
(-70, 132)
(-81, -104)
(-184, -122)
(167, -6)

(-16, 70)
(-87, 5)
(-179, -21)
(-40, -22)
(-74, -57)
(131, -144)
(155, 125)
(59, -148)
(-119, 81)
(75, 101)
(-188, -64)
(98, -114)
(-98, -114)
(153, -147)
(92, -93)
(118, -46)
(31, 165)
(-104, 134)
(69, 105)
(-140, -14)
(-142, -200)
(161, -175)
(-91, 40)
(-159, 108)
(-87, 89)
(-140, -147)
(151, -87)
(33, 60)
(-180, 51)
(-148, 102)
(-185, 55)
(-124, 70)
(164, 162)
(6, -77)
(188, -91)
(-36, -27)
(-151, 54)
(-86, 142)
(116, -61)
(-64, 54)
(24, 79)
(-92, -13)
(97, -50)
(196, -171)
(-16, -184)
(-132, 75)
(-187, -31)
(133, -2)
(50, 111)
(-130, -151)
(75, -191)
(39, 107)
(-55, 29)
(-63, 193)
(-130, 67)
(159, 37)
(-33, 197)
(-126, 90)
(23, -37)
(81, -9)
(-11, -194)
(-11, 108)
(-135, -138)
(140, 76)
(57, 198)
(-28, 18)
(-2, -163)
(-95, -59)
(190, -17)
(11, 7)
(-147, -175)
(-111, -25)
(28, -38)
(98, 163)
(22, -109)
(167, -117)
(16, 170)
(52, -76)
(65, -53)
(104, 91)
(-79, -183)
(-81, -87)
(111, 47)
(-122, 191)

2 2

(-185, 54)
(191, 190)

(-2, 44)
(87, -151)
(-59, -83)
(-158, 185)

